A;
10.000000 3.000000 3.000000 1.000000 4.000000 
4.000000 20.000000 7.000000 2.000000 8.000000 
15.000000 5.000000 40.000000 10.000000 11.000000 
4.000000 0.000000 6.000000 10.000000 1.000000 
6.000000 4.000000 5.000000 7.000000 20.000000 
B: 
8.000000 14.000000 -1.000000 -7.000000 -17.000000 
Dok³adnoœæ: 
0.000100 
MLI: 
30 
alpha: 
0.000000 -0.300000 -0.300000 -0.100000 -0.400000 
-0.200000 0.000000 -0.350000 -0.100000 -0.400000 
-0.375000 -0.125000 0.000000 -0.250000 -0.275000 
-0.400000 -0.000000 -0.600000 0.000000 -0.100000 
-0.300000 -0.200000 -0.250000 -0.350000 0.000000 
beta: 0.800000 0.700000 -0.025000 -0.700000 -0.850000 
WYNIK: 
8.9447205747e-01 
8.9850478264e-01 
-1.0020156621e-01 
-1.1051000187e+00 
-1.1059095196e+00 
Wektor przedostatniej iteracji: 
1.0982172098e+00
1.0944638625e+00
9.3259832564e-02
-9.0218106847e-01
-9.0142764788e-01
Liczba wykonanych iteracji: 30